64
-250.0 -250.0 0.0
-178.57142857142856 -250.0 0.0
-107.14285714285714 -250.0 0.0
-35.71428571428572 -250.0 0.0
35.71428571428572 -250.0 0.0
107.14285714285717 -250.0 0.0
178.57142857142856 -250.0 0.0
250.0 -250.0 0.0
-250.0 -178.57142857142856 0.0
-178.57142857142856 -178.57142857142856 0.0
-107.14285714285714 -178.57142857142856 0.0
-35.71428571428572 -178.57142857142856 0.0
35.71428571428572 -178.57142857142856 0.0
107.14285714285717 -178.57142857142856 0.0
178.57142857142856 -178.57142857142856 0.0
250.0 -178.57142857142856 0.0
-250.0 -107.14285714285714 0.0
-178.57142857142856 -107.14285714285714 0.0
-107.14285714285714 -107.14285714285714 0.0
-35.71428571428572 -107.14285714285714 0.0
35.71428571428572 -107.14285714285714 0.0
107.14285714285717 -107.14285714285714 0.0
178.57142857142856 -107.14285714285714 0.0
250.0 -107.14285714285714 0.0
-250.0 -35.71428571428572 0.0
-178.57142857142856 -35.71428571428572 0.0
-107.14285714285714 -35.71428571428572 0.0
-35.71428571428572 -35.71428571428572 0.0
35.71428571428572 -35.71428571428572 0.0
107.14285714285717 -35.71428571428572 0.0
178.57142857142856 -35.71428571428572 0.0
250.0 -35.71428571428572 0.0
-250.0 35.71428571428572 0.0
-178.57142857142856 35.71428571428572 0.0
-107.14285714285714 35.71428571428572 0.0
-35.71428571428572 35.71428571428572 0.0
35.71428571428572 35.71428571428572 0.0
107.14285714285717 35.71428571428572 0.0
178.57142857142856 35.71428571428572 0.0
250.0 35.71428571428572 0.0
-250.0 107.14285714285717 0.0
-178.57142857142856 107.14285714285717 0.0
-107.14285714285714 107.14285714285717 0.0
-35.71428571428572 107.14285714285717 0.0
35.71428571428572 107.14285714285717 0.0
107.14285714285717 107.14285714285717 0.0
178.57142857142856 107.14285714285717 0.0
250.0 107.14285714285717 0.0
-250.0 178.57142857142856 0.0
-178.57142857142856 178.57142857142856 0.0
-107.14285714285714 178.57142857142856 0.0
-35.71428571428572 178.57142857142856 0.0
35.71428571428572 178.57142857142856 0.0
107.14285714285717 178.57142857142856 0.0
178.57142857142856 178.57142857142856 0.0
250.0 178.57142857142856 0.0
-250.0 250.0 0.0
-178.57142857142856 250.0 0.0
-107.14285714285714 250.0 0.0
-35.71428571428572 250.0 0.0
35.71428571428572 250.0 0.0
107.14285714285717 250.0 0.0
178.57142857142856 250.0 0.0
250.0 250.0 0.0
