256
-0.0610865238198 0
-0.0606074138291 0
-0.0601283038383 0
-0.0596491938476 0
-0.0591700838568 0
-0.0586909738661 0
-0.0582118638753 0
-0.0577327538846 0
-0.0572536438939 0
-0.0567745339031 0
-0.0562954239124 0
-0.0558163139216 0
-0.0553372039309 0
-0.0548580939401 0
-0.0543789839494 0
-0.0538998739586 0
-0.0534207639679 0
-0.0529416539772 0
-0.0524625439864 0
-0.0519834339957 0
-0.0515043240049 0
-0.0510252140142 0
-0.0505461040234 0
-0.0500669940327 0
-0.049587884042 0
-0.0491087740512 0
-0.0486296640605 0
-0.0481505540697 0
-0.047671444079 0
-0.0471923340882 0
-0.0467132240975 0
-0.0462341141068 0
-0.045755004116 0
-0.0452758941253 0
-0.0447967841345 0
-0.0443176741438 0
-0.043838564153 0
-0.0433594541623 0
-0.0428803441715 0
-0.0424012341808 0
-0.0419221241901 0
-0.0414430141993 0
-0.0409639042086 0
-0.0404847942178 0
-0.0400056842271 0
-0.0395265742363 0
-0.0390474642456 0
-0.0385683542549 0
-0.0380892442641 0
-0.0376101342734 0
-0.0371310242826 0
-0.0366519142919 0
-0.0361728043011 0
-0.0356936943104 0
-0.0352145843197 0
-0.0347354743289 0
-0.0342563643382 0
-0.0337772543474 0
-0.0332981443567 0
-0.0328190343659 0
-0.0323399243752 0
-0.0318608143844 0
-0.0313817043937 0
-0.030902594403 0
-0.0304234844122 0
-0.0299443744215 0
-0.0294652644307 0
-0.02898615444 0
-0.0285070444492 0
-0.0280279344585 0
-0.0275488244678 0
-0.027069714477 0
-0.0265906044863 0
-0.0261114944955 0
-0.0256323845048 0
-0.025153274514 0
-0.0246741645233 0
-0.0241950545325 0
-0.0237159445418 0
-0.0232368345511 0
-0.0227577245603 0
-0.0222786145696 0
-0.0217995045788 0
-0.0213203945881 0
-0.0208412845973 0
-0.0203621746066 0
-0.0198830646159 0
-0.0194039546251 0
-0.0189248446344 0
-0.0184457346436 0
-0.0179666246529 0
-0.0174875146621 0
-0.0170084046714 0
-0.0165292946807 0
-0.0160501846899 0
-0.0155710746992 0
-0.0150919647084 0
-0.0146128547177 0
-0.0141337447269 0
-0.0136546347362 0
-0.0131755247454 0
-0.0126964147547 0
-0.012217304764 0
-0.0117381947732 0
-0.0112590847825 0
-0.0107799747917 0
-0.010300864801 0
-0.00982175481024 0
-0.0093426448195 0
-0.00886353482876 0
-0.00838442483801 0
-0.00790531484727 0
-0.00742620485652 0
-0.00694709486578 0
-0.00646798487504 0
-0.00598887488429 0
-0.00550976489355 0
-0.00503065490281 0
-0.00455154491206 0
-0.00407243492132 0
-0.00359332493058 0
-0.00311421493983 0
-0.00263510494909 0
-0.00215599495835 0
-0.0016768849676 0
-0.00119777497686 0
-0.000718664986115 0
-0.000239554995372 0
0.000239554995372 0
0.000718664986115 0
0.00119777497686 0
0.0016768849676 0
0.00215599495835 0
0.00263510494909 0
0.00311421493983 0
0.00359332493058 0
0.00407243492132 0
0.00455154491206 0
0.00503065490281 0
0.00550976489355 0
0.00598887488429 0
0.00646798487504 0
0.00694709486578 0
0.00742620485652 0
0.00790531484727 0
0.00838442483801 0
0.00886353482876 0
0.0093426448195 0
0.00982175481024 0
0.010300864801 0
0.0107799747917 0
0.0112590847825 0
0.0117381947732 0
0.012217304764 0
0.0126964147547 0
0.0131755247454 0
0.0136546347362 0
0.0141337447269 0
0.0146128547177 0
0.0150919647084 0
0.0155710746992 0
0.0160501846899 0
0.0165292946807 0
0.0170084046714 0
0.0174875146621 0
0.0179666246529 0
0.0184457346436 0
0.0189248446344 0
0.0194039546251 0
0.0198830646159 0
0.0203621746066 0
0.0208412845973 0
0.0213203945881 0
0.0217995045788 0
0.0222786145696 0
0.0227577245603 0
0.0232368345511 0
0.0237159445418 0
0.0241950545325 0
0.0246741645233 0
0.025153274514 0
0.0256323845048 0
0.0261114944955 0
0.0265906044863 0
0.027069714477 0
0.0275488244678 0
0.0280279344585 0
0.0285070444492 0
0.02898615444 0
0.0294652644307 0
0.0299443744215 0
0.0304234844122 0
0.030902594403 0
0.0313817043937 0
0.0318608143844 0
0.0323399243752 0
0.0328190343659 0
0.0332981443567 0
0.0337772543474 0
0.0342563643382 0
0.0347354743289 0
0.0352145843197 0
0.0356936943104 0
0.0361728043011 0
0.0366519142919 0
0.0371310242826 0
0.0376101342734 0
0.0380892442641 0
0.0385683542549 0
0.0390474642456 0
0.0395265742363 0
0.0400056842271 0
0.0404847942178 0
0.0409639042086 0
0.0414430141993 0
0.0419221241901 0
0.0424012341808 0
0.0428803441715 0
0.0433594541623 0
0.043838564153 0
0.0443176741438 0
0.0447967841345 0
0.0452758941253 0
0.045755004116 0
0.0462341141068 0
0.0467132240975 0
0.0471923340882 0
0.047671444079 0
0.0481505540697 0
0.0486296640605 0
0.0491087740512 0
0.049587884042 0
0.0500669940327 0
0.0505461040234 0
0.0510252140142 0
0.0515043240049 0
0.0519834339957 0
0.0524625439864 0
0.0529416539772 0
0.0534207639679 0
0.0538998739586 0
0.0543789839494 0
0.0548580939401 0
0.0553372039309 0
0.0558163139216 0
0.0562954239124 0
0.0567745339031 0
0.0572536438939 0
0.0577327538846 0
0.0582118638753 0
0.0586909738661 0
0.0591700838568 0
0.0596491938476 0
0.0601283038383 0
0.0606074138291 0
0.0610865238198 0

​
